GOOD UNITS AND SAMPLES

PURKINJE CELLS

YC011 >> F:/data/PkC/19-01-16_YC011/19-01-16_YC011_probe1 >> Done!
good_units = [18, 19, 20, 23, 24, 25, 26, 27, 28, 29, 30, 31, 33, 34, 35, 36, 37, 38,
              39, 40, 41, 42, 43, 44, 47, 49, 52, 53, 54, 55, 64, 67, 68, 69, 73, 76,
              78, 81, 83, 85, 87, 88, 93, 95, 98, 99, 101, 102, 107, 108, 110, 112, 113,
              120, 121, 122, 154, 160, 192, 204, 234]


YC002 >> F:/data/PkC/18-08-30_YC002/18-08-30_YC002_probe1
good_units = [8, 10, 12, 16, 19, 21, 22, 24, 26, 27, 30, 31, 35, 36, 37, 38, 39, 41, 42, 50, 51, 54, 59, 60, 65, 70,
              72, 74, 78, 80, 84, 86, 94, 95, 97, 100, 102, 103, 104, 105, 106, 107, 108, 109, 111, 112, 116,
              117, 118, 120, 121, 122, 123, 124, 125, 126, 127, 129, 130, 132, 133, 136, 137, 138, 139,
              140, 142, 143, 144, 147, 148, 149, 151, 152, 153, 154, 155, 157, 158, 159, 163, 164, 165,
              168, 169, 170, 171, 173, 180, 205, 206, 210, 231, 237, 255, 256, 272, 275, 309, 316, 321,
              327, 330]

YC001 >> F:/data/PkC/18-08-30_YC001/18-08-30_YC001_probe1
good_units = [20,23,24,26,27,37,39,42,44,45,46,47,48,49,50,51,54,57,
              59,68,69,70,71,75,76,78,
              82,83,84,85,86,87,89,91,93,94,
              96,98,99,101,104,111,112,115,121,122,124,125,129,130,131,133,134,135,
              137,139,148,149,154,155,156,158,159,161,162,163,166,176,177,178,179,180,
              184,185,187,188,189,190,192,193,194,195,196,198,199,200,201,202,204,205,
              206,209,211,212,213,221,222,225,227,230,232,233,234,235,236,238,239,240,
              241,242,244,245,253,254,256,258,259,261,263,264,266,267,269,270,271,272,
              273,281,287,288,291,292,295,296,298,302,303,304,307,315,325,344,357,358,
              359,362,369,376,377,396,398,399,420,435,443,444,446,447,454,459,462,463,
              464,465,468,470,472,482,494,496,502,512,516,530,564,565]
